611 minutes a 74 da output dise


3.141675272
3.141551372
3.141627592
3.14160014
3.141618956
3.141622632
3.141478628
3.141614896
3.14156798
3.141586284
3.141582856
3.141529228
3.141557548
3.14156404
3.141577188
3.141624328
3.141649308
3.141582572
3.14166274
3.1415308
3.14159026
3.141521088
3.14160976
3.141574804
3.141613812
3.141528284
3.14154042
3.141568508
3.141525688
3.141660388
3.141664508
3.141607268
3.141564292
3.141573792
3.141553536
3.14163774
3.14164454
3.141577944
3.141601888
3.141554364
3.14162358
3.141598324
3.141553552
3.141605852
3.141577184
3.141657252
3.14149806
3.141538736
3.141618124
3.141598444
3.141479216
3.141650468
3.14159732
3.141672488
3.141601468
3.141638848
3.14151862
3.141711244
3.14152592
3.141563128
3.141561492
3.141572552
3.141600024
3.141574444
3.141511364
3.141552148
3.141662564
3.141690364
3.141511364
3.14157414
3.141619856