
85685
86788
87838
88909
90072
91228
92324
93429
94531
95633
96692
97826
98890
99990
11216
22213
33389
44389
55002
66037
76984
88273
98907
11025
12144
13244
14322
15405
16508
17565
18656
19717
20821
21931
22991
24094
25194
26294
27358
28418
29518
30631
31727
32834
33931
35031
36131
37197
38261
39361
40464
41568
42670
43772
44851
45951
47050
48153
49223
50323
51377
52478
53534
54647
55757
56859
57959
59070
60130
61198
62299
63399
64503
65615
66709
67812
68916
70016
71124
72197
73267
74370
75470
76571
77642
78698
79763
80824
81925
83009
84073
85176
86236
87336
88398
89451
90551
91678
92745
93845